1000
75 79 54
11 10 80
40 32 40
28 75 45
20 46 63
85 55 91
75 46 17
60 29 94
85 73 70
82 56 91
99 26 64
30 83 16
7 62 58
95 82 27
29 37 5
93 5 46
39 43 22
100 90 10
95 21 59
54 69 77
19 80 12
19 59 93
28 37 95
38 92 85
52 58 41
27 39 58
47 27 8
0 65 91
52 79 8
42 8 52
86 15 32
59 60 85
67 95 83
100 37 76
1 90 31
97 96 54
83 83 38
80 15 95
13 62 69
1 94 5
23 5 33
97 14 17
22 2 57
25 85 66
34 54 33
74 86 67
76 47 70
58 85 42
73 94 45
96 80 66
98 13 29
24 26 19
42 58 87
63 53 74
80 74 70
76 9 32
54 99 95
93 94 28
30 17 52
45 4 63
41 20 71
52 36 12
20 62 88
91 25 16
92 82 14
83 25 47
14 72 37
78 28 15
35 62 33
54 8 62
51 61 95
34 21 80
72 68 30
86 25 64
38 13 28
49 18 95
49 86 5
81 64 70
28 46 55
5 97 10
89 80 48
21 89 97
35 43 32
76 78 55
61 63 52
27 63 72
92 33 47
7 52 33
81 64 71
90 37 82
32 46 61
33 29 79
53 100 79
36 64 15
49 73 97
47 39 84
59 78 24
99 3 95
95 23 15
25 25 97
16 5 23
100 35 40
45 39 23
61 71 58
88 7 40
92 7 98
66 26 38
55 99 81
38 91 22
34 14 7
44 52 32
90 67 82
1 74 53
38 4 1
65 69 32
12 88 91
61 56 2
99 91 5
91 77 63
9 67 78
67 45 84
66 98 21
71 8 8
82 97 70
23 68 11
44 26 6
37 87 8
19 54 59
27 81 7
86 33 83
78 21 43
47 92 81
8 13 21
62 46 8
23 79 47
58 86 97
57 59 38
28 44 77
38 86 11
99 92 60
5 98 52
80 66 44
2 76 15
86 54 55
41 35 64
67 48 15
4 17 11
50 65 61
72 73 82
60 87 90
75 56 53
33 18 17
49 32 95
13 28 46
5 36 8
81 58 33
19 8 1
79 94 60
79 4 33
34 85 73
24 57 9
54 18 72
100 89 96
91 22 82
16 58 42
31 15 100
59 98 12
97 76 47
12 39 71
56 35 42
55 98 32
98 69 74
70 67 75
21 60 67
95 92 84
25 12 74
99 62 71
75 53 41
44 31 91
37 13 100
49 34 10
15 72 4
76 21 60
68 88 23
47 74 14
8 7 32
100 39 9
19 95 1
97 81 53
38 13 25
44 65 58
49 42 78
2 100 54
40 76 92
89 80 24
75 40 70
79 20 6
10 86 69
97 7 12
52 10 20
15 70 53
14 58 26
84 40 70
80 22 42
1 73 59
83 89 31
31 8 81
24 89 95
10 36 76
37 43 86
59 19 85
55 32 37
30 64 56
78 22 46
73 44 1
31 11 98
54 36 40
55 80 45
23 7 39
83 62 4
0 20 25
36 22 35
42 25 39
17 55 29
66 43 12
55 94 1
56 30 6
32 67 10
5 77 17
46 38 10
29 71 99
13 9 38
95 11 94
67 89 59
35 99 22
12 72 15
4 87 25
55 36 81
92 38 94
19 32 19
37 87 64
67 83 21
2 9 3
9 10 84
45 54 78
35 55 63
39 62 100
74 32 16
26 57 61
50 95 41
77 61 9
13 55 55
61 11 30
28 11 21
83 39 80
28 13 37
19 77 96
30 94 18
1 97 39
82 87 30
35 22 38
62 57 13
87 20 40
55 82 52
70 100 38
21 1 14
13 62 100
61 55 7
87 70 20
70 16 5
98 42 24
77 46 25
83 41 63
51 52 94
28 89 30
31 46 91
16 46 80
53 90 67
18 56 55
25 76 48
71 75 75
16 43 68
55 3 20
100 84 31
11 60 98
47 27 41
48 86 21
2 20 12
38 42 11
68 55 29
10 5 43
100 64 45
96 31 25
43 54 4
73 29 39
85 84 21
17 75 28
74 13 7
48 19 14
61 11 61
55 77 36
66 25 14
71 75 25
83 77 98
16 79 40
82 94 57
87 81 48
33 34 86
79 48 79
12 72 83
97 48 53
50 22 86
71 28 4
60 86 100
73 91 41
47 53 21
52 56 84
90 14 81
21 80 63
20 56 46
44 35 57
46 13 67
69 26 21
4 38 5
47 32 85
43 81 99
57 14 13
18 18 95
17 81 100
41 98 74
31 11 66
9 72 95
76 87 22
41 32 82
55 4 97
77 23 24
11 5 82
32 60 75
39 39 55
11 73 54
18 75 3
61 95 87
66 30 100
57 41 42
89 8 11
28 1 34
16 11 38
33 69 55
54 98 4
4 11 83
43 48 99
8 87 8
82 47 46
45 39 5
99 70 86
84 58 8
38 18 100
42 33 8
14 19 22
54 13 86
70 87 37
31 30 58
56 84 29
3 8 88
86 7 52
87 37 39
73 7 6
93 91 57
70 91 100
58 90 100
38 18 74
72 53 57
48 77 79
27 65 77
80 2 41
60 4 61
32 77 66
40 31 94
3 83 27
0 33 60
55 37 9
51 37 95
41 48 10
33 84 61
95 53 33
90 16 86
51 16 84
19 23 85
43 41 16
5 95 26
48 100 27
76 58 19
34 59 57
66 69 9
65 81 74
39 94 64
17 78 67
66 90 100
94 20 21
65 42 19
34 10 100
87 63 16
90 63 36
28 95 81
53 3 4
60 68 69
33 39 73
37 33 18
34 15 71
61 12 61
31 47 82
9 3 8
84 58 56
91 61 19
91 86 32
72 96 80
74 73 98
20 46 23
0 30 70
70 88 73
33 56 65
34 44 71
96 10 58
34 38 11
34 5 87
43 44 59
46 60 87
68 94 26
71 76 48
6 56 93
43 9 84
50 58 100
37 65 24
96 23 79
51 39 32
10 87 38
34 92 25
35 68 35
40 5 31
17 31 57
3 82 67
39 62 19
55 82 21
71 81 41
94 30 1
99 77 4
53 61 85
1 13 64
38 55 3
25 60 20
42 12 84
12 55 55
41 5 75
55 12 25
43 30 26
100 47 93
93 68 55
51 65 58
3 66 73
76 77 73
40 67 34
14 36 81
69 96 28
14 89 2
96 2 72
60 5 38
32 43 54
51 32 31
76 82 99
17 46 54
90 98 72
1 87 71
81 30 41
23 7 57
77 21 90
39 62 18
99 95 91
16 53 10
52 27 3
3 96 47
99 13 4
16 96 54
56 65 95
2 32 95
68 82 88
57 26 71
30 57 67
75 30 25
6 36 66
43 89 76
28 43 83
33 35 34
87 66 72
28 100 1
29 42 62
84 79 64
34 98 65
25 43 87
17 53 33
36 93 63
35 45 55
64 16 62
79 46 84
92 80 87
87 5 14
93 37 34
81 16 88
55 94 27
21 28 21
19 15 33
68 45 5
45 38 11
79 69 11
93 85 66
35 72 76
21 63 84
97 70 4
10 38 38
29 81 85
15 90 92
86 41 9
80 60 28
49 35 2
63 39 40
26 92 27
85 74 65
85 16 71
52 68 7
72 84 72
31 9 89
97 69 86
62 46 1
23 58 58
32 81 7
20 39 43
59 75 32
22 4 96
2 59 23
4 47 5
67 3 26
29 36 86
38 8 35
93 21 57
59 75 48
77 28 9
66 96 69
99 99 99
85 2 99
4 8 40
96 74 56
37 2 41
16 66 92
56 80 4
4 86 31
99 61 22
12 8 16
70 29 55
83 77 15
84 32 46
17 63 22
40 87 59
75 83 75
0 27 62
38 27 52
62 59 95
47 12 95
51 57 31
73 5 80
80 33 25
24 29 11
94 54 91
82 35 76
100 6 94
98 4 46
22 95 30
74 24 4
1 42 57
93 61 47
20 94 40
14 65 87
10 32 14
82 45 77
4 25 17
20 46 39
97 61 94
20 60 5
84 79 77
50 22 62
89 84 47
21 84 62
48 100 7
5 47 66
89 21 73
37 33 85
50 69 97
84 93 54
65 89 98
82 79 96
21 17 22
70 57 74
96 23 25
33 70 76
12 9 17
0 55 55
21 81 30
88 45 37
100 60 84
34 16 89
88 5 55
84 1 80
23 7 3
16 81 32
84 5 4
91 10 57
85 12 5
16 10 4
82 65 54
10 22 55
98 39 27
11 45 87
59 30 79
14 63 94
49 43 41
80 94 17
3 75 98
11 69 57
20 56 69
69 39 59
29 25 59
54 73 68
45 19 56
91 2 11
8 100 13
25 18 17
62 44 84
68 76 65
8 3 76
19 67 40
61 53 3
77 97 48
28 16 5
73 100 14
87 57 12
85 96 27
94 7 87
49 22 17
51 26 61
91 47 20
59 82 94
100 68 14
6 68 91
10 33 33
77 89 85
91 48 60
22 88 73
91 5 25
58 63 62
80 32 67
56 83 72
60 98 27
41 67 73
67 56 15
79 6 30
9 70 2
56 22 38
6 26 84
38 10 22
65 77 89
38 73 58
68 23 92
45 70 62
45 94 28
76 84 67
69 82 83
35 9 73
26 63 84
67 54 42
31 90 6
23 1 19
80 46 30
9 67 98
41 31 52
75 9 23
67 1 56
33 24 78
55 71 46
49 2 81
18 82 44
94 24 53
87 93 35
98 80 87
67 94 53
74 3 72
81 40 43
29 16 45
8 44 91
68 31 60
10 9 17
4 95 82
36 61 83
75 2 67
45 62 57
62 48 83
43 82 18
10 67 92
51 46 69
39 42 75
84 90 1
93 8 68
22 28 37
52 60 75
44 27 57
57 38 52
36 12 28
71 28 11
5 100 52
94 62 11
17 89 70
87 37 36
95 33 26
98 22 42
47 71 80
64 88 26
50 22 39
60 34 72
59 8 29
13 47 81
54 53 91
16 58 27
82 89 7
37 92 57
79 87 63
100 1 1
91 96 80
20 41 6
88 93 40
91 83 54
89 11 13
80 78 67
75 55 81
93 62 88
89 74 71
51 9 46
16 35 59
4 79 33
81 13 32
18 28 91
41 97 68
32 38 20
63 75 34
25 17 18
11 72 92
39 72 57
17 6 40
16 39 79
7 84 93
23 3 100
2 86 38
78 12 41
90 93 62
43 86 20
25 2 9
75 28 25
35 29 87
17 26 74
51 66 33
19 87 86
43 58 83
42 67 86
76 5 76
7 21 17
71 35 27
52 71 98
12 25 45
61 34 14
60 24 94
16 20 13
53 80 34
20 24 95
13 99 9
24 64 84
44 62 13
83 27 46
63 38 11
86 92 88
45 58 33
83 81 21
77 67 94
29 35 24
2 64 93
30 65 81
82 42 37
85 67 94
65 19 26
7 25 48
55 94 47
79 88 11
68 13 87
19 78 93
34 78 66
6 97 77
23 60 91
8 58 1
25 47 39
84 30 23
64 25 83
0 53 42
2 47 93
14 59 83
7 52 70
8 88 1
11 92 53
95 29 87
21 57 20
4 47 1
53 6 61
75 97 59
6 54 76
93 40 71
96 67 6
67 73 45
33 55 85
14 84 31
83 21 71
38 87 35
46 65 73
19 32 69
34 29 29
93 54 6
3 40 45
84 98 55
61 89 91
75 91 13
26 26 94
55 55 17
35 87 31
33 60 68
77 75 10
1 54 73
70 59 36
89 48 39
14 10 10
88 98 52
74 83 52
57 10 21
34 67 6
4 99 34
5 5 86
85 85 34
12 24 3
53 70 66
83 45 78
61 38 36
1 45 6
37 21 1
0 10 42
5 34 58
95 20 58
42 91 58
52 96 17
97 24 78
56 82 23
19 41 36
50 36 93
7 54 41
0 57 27
16 74 2
94 53 82
7 68 97
85 33 65
57 58 89
73 6 68
91 9 77
98 28 93
84 74 99
93 73 82
41 26 27
18 66 28
91 2 82
92 10 71
66 92 12
80 25 64
16 48 34
53 52 65
84 53 47
32 98 7
35 97 48
22 34 52
57 71 100
100 55 38
46 26 68
4 42 74
90 24 63
75 69 6
50 66 61
87 28 17
92 4 28
70 35 40
56 87 92
28 95 98
45 24 72
34 74 94
38 100 15
29 23 13
1 23 57
84 38 75
48 38 28
7 83 47
10 33 56
34 27 91
0 39 48
91 35 47
42 65 78
78 23 25
13 42 34
67 5 11
67 10 77
93 81 97
27 6 1
31 80 31
57 64 92
27 23 13
37 77 96
98 41 60
11 99 92
31 9 91
24 100 35
74 27 60
49 79 11
66 17 16
48 59 23
16 86 46
88 58 41
13 63 44
60 38 13
27 56 28
39 68 98
83 88 33
78 92 39
90 69 64
88 64 68
66 89 30
98 85 38
42 4 54
95 24 55
52 22 97
56 43 8
66 15 25
17 69 21
72 17 12
81 38 43
51 22 21
79 8 72
18 95 60
55 48 15
59 31 96
4 64 27
22 20 89
71 87 7
84 63 23
89 41 20
91 88 3
48 39 20
47 88 70
1 52 5
98 38 32
39 12 84
52 91 16
74 86 76
49 48 55
73 93 3
96 100 18
99 58 92
79 70 92
2 93 86
33 61 4
41 97 37
53 97 9
96 95 29
1 28 70
53 85 73
3 53 40
24 57 38
22 42 25
27 61 19
68 23 60
80 53 38
31 40 41
2 1 3
1 87 21
72 83 63
18 22 25
99 92 73
2 98 62
90 70 34
89 37 94
88 17 100
78 84 95
64 38 29
0 42 24
